R0 1 2 161.40803514361036
R1 2 3 2500.0
R4 3 4 14.673457740328207
L0 4 5 2.0176004392951295E-10
C0 5 6 1.620341089988479E-15
C1 6 0 4.637916476114179E-17
R5 5 7 14.673457740328207
L1 7 8 2.0176004392951295E-10
C2 8 9 1.620341089988479E-15
C3 9 0 4.637916476114179E-17
R6 8 10 14.673457740328207
L2 10 11 2.0176004392951295E-10
C4 11 12 1.620341089988479E-15
C5 12 0 4.637916476114179E-17
R7 11 13 14.673457740328207
L3 13 14 2.0176004392951295E-10
C6 14 15 1.620341089988479E-15
C7 15 0 4.637916476114179E-17
R8 14 16 14.673457740328207
L4 16 17 2.0176004392951295E-10
C8 17 18 1.620341089988479E-15
C9 18 0 4.637916476114179E-17
R9 17 19 14.673457740328207
L5 19 20 2.0176004392951295E-10
C10 20 21 1.620341089988479E-15
C11 21 0 4.637916476114179E-17
R10 20 22 14.673457740328207
L6 22 23 2.0176004392951295E-10
C12 23 24 1.620341089988479E-15
C13 24 0 4.637916476114179E-17
R11 23 25 14.673457740328207
L7 25 26 2.0176004392951295E-10
C14 26 27 1.620341089988479E-15
C15 27 0 4.637916476114179E-17
R12 26 28 14.673457740328207
L8 28 29 2.0176004392951295E-10
C16 29 30 1.620341089988479E-15
C17 30 0 4.637916476114179E-17
R13 29 31 14.673457740328207
L9 31 32 2.0176004392951295E-10
C18 32 33 1.620341089988479E-15
C19 33 0 4.637916476114179E-17
R14 32 34 14.673457740328207
L10 34 35 2.0176004392951295E-10
C20 35 36 1.620341089988479E-15
C21 36 0 4.637916476114179E-17
R15 35 37 14.673457740328207
L11 37 38 2.0176004392951295E-10
C22 38 39 1.620341089988479E-15
C23 39 0 4.637916476114179E-17
R16 38 40 14.673457740328207
L12 40 41 2.0176004392951295E-10
C24 41 42 1.620341089988479E-15
C25 42 0 4.637916476114179E-17
R17 41 43 14.673457740328207
L13 43 44 2.0176004392951295E-10
C26 44 45 1.620341089988479E-15
C27 45 0 4.637916476114179E-17
R18 44 46 14.673457740328207
L14 46 47 2.0176004392951295E-10
C28 47 48 1.620341089988479E-15
C29 48 0 4.637916476114179E-17
R19 47 49 14.673457740328207
L15 49 50 2.0176004392951295E-10
C30 50 51 1.620341089988479E-15
C31 51 0 4.637916476114179E-17
R20 50 52 14.673457740328207
L16 52 53 2.0176004392951295E-10
C32 53 54 1.620341089988479E-15
C33 54 0 4.637916476114179E-17
R21 53 55 14.673457740328207
L17 55 56 2.0176004392951295E-10
C34 56 57 1.620341089988479E-15
C35 57 0 4.637916476114179E-17
R22 56 58 14.673457740328207
L18 58 59 2.0176004392951295E-10
C36 59 60 1.620341089988479E-15
C37 60 0 4.637916476114179E-17
R23 59 61 14.673457740328207
L19 61 62 2.0176004392951295E-10
C38 62 63 1.620341089988479E-15
C39 63 0 4.637916476114179E-17
R24 62 64 14.673457740328207
L20 64 65 2.0176004392951295E-10
C40 65 66 1.620341089988479E-15
C41 66 0 4.637916476114179E-17
R25 65 67 14.673457740328207
L21 67 68 2.0176004392951295E-10
C42 68 69 1.620341089988479E-15
C43 69 0 4.637916476114179E-17
R26 68 70 14.673457740328207
L22 70 71 2.0176004392951295E-10
C44 71 72 1.620341089988479E-15
C45 72 0 4.637916476114179E-17
R27 71 73 14.673457740328207
L23 73 74 2.0176004392951295E-10
C46 74 75 1.620341089988479E-15
C47 75 0 4.637916476114179E-17
R28 74 76 14.673457740328207
L24 76 77 2.0176004392951295E-10
C48 77 78 1.620341089988479E-15
C49 78 0 4.637916476114179E-17
R29 77 79 14.673457740328207
L25 79 80 2.0176004392951295E-10
C50 80 81 1.620341089988479E-15
C51 81 0 4.637916476114179E-17
R30 80 82 14.673457740328207
L26 82 83 2.0176004392951295E-10
C52 83 84 1.620341089988479E-15
C53 84 0 4.637916476114179E-17
R31 83 85 14.673457740328207
L27 85 86 2.0176004392951295E-10
C54 86 87 1.620341089988479E-15
C55 87 0 4.637916476114179E-17
R32 86 88 14.673457740328207
L28 88 89 2.0176004392951295E-10
C56 89 90 1.620341089988479E-15
C57 90 0 4.637916476114179E-17
R33 89 91 14.673457740328207
L29 91 92 2.0176004392951295E-10
C58 92 93 1.620341089988479E-15
C59 93 0 4.637916476114179E-17
R34 92 94 14.673457740328207
L30 94 95 2.0176004392951295E-10
C60 95 96 1.620341089988479E-15
C61 96 0 4.637916476114179E-17
R35 95 97 14.673457740328207
L31 97 98 2.0176004392951295E-10
C62 98 99 1.620341089988479E-15
C63 99 0 4.637916476114179E-17
R36 98 100 14.673457740328207
L32 100 101 2.0176004392951295E-10
C64 101 102 1.620341089988479E-15
C65 102 0 4.637916476114179E-17
R37 101 103 14.673457740328207
L33 103 104 2.0176004392951295E-10
C66 104 105 1.620341089988479E-15
C67 105 0 4.637916476114179E-17
R38 104 106 14.673457740328207
L34 106 107 2.0176004392951295E-10
C68 107 108 1.620341089988479E-15
C69 108 0 4.637916476114179E-17
R39 107 109 14.673457740328207
L35 109 110 2.0176004392951295E-10
C70 110 111 1.620341089988479E-15
C71 111 0 4.637916476114179E-17
R40 110 112 14.673457740328207
L36 112 113 2.0176004392951295E-10
C72 113 114 1.620341089988479E-15
C73 114 0 4.637916476114179E-17
R41 113 115 14.673457740328207
L37 115 116 2.0176004392951295E-10
C74 116 117 1.620341089988479E-15
C75 117 0 4.637916476114179E-17
R42 116 118 14.673457740328207
L38 118 119 2.0176004392951295E-10
C76 119 120 1.620341089988479E-15
C77 120 0 4.637916476114179E-17
R43 119 121 14.673457740328207
L39 121 122 2.0176004392951295E-10
C78 122 123 1.620341089988479E-15
C79 123 0 4.637916476114179E-17
R44 122 124 14.673457740328207
L40 124 125 2.0176004392951295E-10
C80 125 126 1.620341089988479E-15
C81 126 0 4.637916476114179E-17
R45 125 127 14.673457740328207
L41 127 128 2.0176004392951295E-10
C82 128 129 1.620341089988479E-15
C83 129 0 4.637916476114179E-17
R46 128 130 14.673457740328207
L42 130 131 2.0176004392951295E-10
C84 131 132 1.620341089988479E-15
C85 132 0 4.637916476114179E-17
R47 131 133 14.673457740328207
L43 133 134 2.0176004392951295E-10
C86 134 135 1.620341089988479E-15
C87 135 0 4.637916476114179E-17
R48 134 136 14.673457740328207
L44 136 137 2.0176004392951295E-10
C88 137 138 1.620341089988479E-15
C89 138 0 4.637916476114179E-17
R49 137 139 14.673457740328207
L45 139 140 2.0176004392951295E-10
C90 140 141 1.620341089988479E-15
C91 141 0 4.637916476114179E-17
R50 140 142 14.673457740328207
L46 142 143 2.0176004392951295E-10
C92 143 144 1.620341089988479E-15
C93 144 0 4.637916476114179E-17
R51 143 145 14.673457740328207
L47 145 146 2.0176004392951295E-10
C94 146 147 1.620341089988479E-15
C95 147 0 4.637916476114179E-17
R52 146 148 14.673457740328207
L48 148 149 2.0176004392951295E-10
C96 149 150 1.620341089988479E-15
C97 150 0 4.637916476114179E-17
R53 149 151 14.673457740328207
L49 151 152 2.0176004392951295E-10
C98 152 153 1.620341089988479E-15
C99 153 0 4.637916476114179E-17
R54 152 154 14.673457740328207
L50 154 155 2.0176004392951295E-10
C100 155 156 1.620341089988479E-15
C101 156 0 4.637916476114179E-17
R55 155 157 14.673457740328207
L51 157 158 2.0176004392951295E-10
C102 158 159 1.620341089988479E-15
C103 159 0 4.637916476114179E-17
R56 158 160 14.673457740328207
L52 160 161 2.0176004392951295E-10
C104 161 162 1.620341089988479E-15
C105 162 0 4.637916476114179E-17
R57 161 163 14.673457740328207
L53 163 164 2.0176004392951295E-10
C106 164 165 1.620341089988479E-15
C107 165 0 4.637916476114179E-17
R58 164 166 14.673457740328207
L54 166 167 2.0176004392951295E-10
C108 167 168 1.620341089988479E-15
C109 168 0 4.637916476114179E-17
R59 167 169 14.673457740328207
L55 169 170 2.0176004392951295E-10
C110 170 171 1.620341089988479E-15
C111 171 0 4.637916476114179E-17
R60 170 172 14.673457740328207
L56 172 173 2.0176004392951295E-10
C112 173 174 1.620341089988479E-15
C113 174 0 4.637916476114179E-17
R61 173 175 14.673457740328207
L57 175 176 2.0176004392951295E-10
C114 176 177 1.620341089988479E-15
C115 177 0 4.637916476114179E-17
R62 176 178 14.673457740328207
L58 178 179 2.0176004392951295E-10
C116 179 180 1.620341089988479E-15
C117 180 0 4.637916476114179E-17
R63 179 181 14.673457740328207
L59 181 182 2.0176004392951295E-10
C118 182 183 1.620341089988479E-15
C119 183 0 4.637916476114179E-17
R64 182 184 14.673457740328207
L60 184 185 2.0176004392951295E-10
C120 185 186 1.620341089988479E-15
C121 186 0 4.637916476114179E-17
R65 185 187 14.673457740328207
L61 187 188 2.0176004392951295E-10
C122 188 189 1.620341089988479E-15
C123 189 0 4.637916476114179E-17
R66 188 190 14.673457740328207
L62 190 191 2.0176004392951295E-10
C124 191 192 1.620341089988479E-15
C125 192 0 4.637916476114179E-17
R67 191 193 14.673457740328207
L63 193 194 2.0176004392951295E-10
C126 194 195 1.620341089988479E-15
C127 195 0 4.637916476114179E-17
R68 194 196 14.673457740328207
L64 196 197 2.0176004392951295E-10
C128 197 198 1.620341089988479E-15
C129 198 0 4.637916476114179E-17
R69 197 199 14.673457740328207
L65 199 200 2.0176004392951295E-10
C130 200 201 1.620341089988479E-15
C131 201 0 4.637916476114179E-17
R70 200 202 14.673457740328207
L66 202 203 2.0176004392951295E-10
C132 203 204 1.620341089988479E-15
C133 204 0 4.637916476114179E-17
R71 203 205 14.673457740328207
L67 205 206 2.0176004392951295E-10
C134 206 207 1.620341089988479E-15
C135 207 0 4.637916476114179E-17
R72 206 208 14.673457740328207
L68 208 209 2.0176004392951295E-10
C136 209 210 1.620341089988479E-15
C137 210 0 4.637916476114179E-17
R73 209 211 14.673457740328207
L69 211 212 2.0176004392951295E-10
C138 212 213 1.620341089988479E-15
C139 213 0 4.637916476114179E-17
R74 212 214 14.673457740328207
L70 214 215 2.0176004392951295E-10
C140 215 216 1.620341089988479E-15
C141 216 0 4.637916476114179E-17
R75 215 217 14.673457740328207
L71 217 218 2.0176004392951295E-10
C142 218 219 1.620341089988479E-15
C143 219 0 4.637916476114179E-17
R76 218 220 14.673457740328207
L72 220 221 2.0176004392951295E-10
C144 221 222 1.620341089988479E-15
C145 222 0 4.637916476114179E-17
R77 221 223 14.673457740328207
L73 223 224 2.0176004392951295E-10
C146 224 225 1.620341089988479E-15
C147 225 0 4.637916476114179E-17
R78 224 226 14.673457740328207
L74 226 227 2.0176004392951295E-10
C148 227 228 1.620341089988479E-15
C149 228 0 4.637916476114179E-17
R79 227 229 14.673457740328207
L75 229 230 2.0176004392951295E-10
C150 230 231 1.620341089988479E-15
C151 231 0 4.637916476114179E-17
R80 230 232 14.673457740328207
L76 232 233 2.0176004392951295E-10
C152 233 234 1.620341089988479E-15
C153 234 0 4.637916476114179E-17
R81 233 235 14.673457740328207
L77 235 236 2.0176004392951295E-10
C154 236 237 1.620341089988479E-15
C155 237 0 4.637916476114179E-17
R82 236 238 14.673457740328207
L78 238 239 2.0176004392951295E-10
C156 239 240 1.620341089988479E-15
C157 240 0 4.637916476114179E-17
R83 239 241 14.673457740328207
L79 241 242 2.0176004392951295E-10
C158 242 243 1.620341089988479E-15
C159 243 0 4.637916476114179E-17
R84 242 244 14.673457740328207
L80 244 245 2.0176004392951295E-10
C160 245 246 1.620341089988479E-15
C161 246 0 4.637916476114179E-17
R85 245 247 14.673457740328207
L81 247 248 2.0176004392951295E-10
C162 248 249 1.620341089988479E-15
C163 249 0 4.637916476114179E-17
R86 248 250 14.673457740328207
L82 250 251 2.0176004392951295E-10
C164 251 252 1.620341089988479E-15
C165 252 0 4.637916476114179E-17
R87 251 253 14.673457740328207
L83 253 254 2.0176004392951295E-10
C166 254 255 1.620341089988479E-15
C167 255 0 4.637916476114179E-17
R88 254 256 14.673457740328207
L84 256 257 2.0176004392951295E-10
C168 257 258 1.620341089988479E-15
C169 258 0 4.637916476114179E-17
R89 257 259 14.673457740328207
L85 259 260 2.0176004392951295E-10
C170 260 261 1.620341089988479E-15
C171 261 0 4.637916476114179E-17
R90 260 262 14.673457740328207
L86 262 263 2.0176004392951295E-10
C172 263 264 1.620341089988479E-15
C173 264 0 4.637916476114179E-17
R91 263 265 14.673457740328207
L87 265 266 2.0176004392951295E-10
C174 266 267 1.620341089988479E-15
C175 267 0 4.637916476114179E-17
R92 266 268 14.673457740328207
L88 268 269 2.0176004392951295E-10
C176 269 270 1.620341089988479E-15
C177 270 0 4.637916476114179E-17
R93 269 271 14.673457740328207
L89 271 272 2.0176004392951295E-10
C178 272 273 1.620341089988479E-15
C179 273 0 4.637916476114179E-17
R94 272 274 14.673457740328207
L90 274 275 2.0176004392951295E-10
C180 275 276 1.620341089988479E-15
C181 276 0 4.637916476114179E-17
R95 275 277 14.673457740328207
L91 277 278 2.0176004392951295E-10
C182 278 279 1.620341089988479E-15
C183 279 0 4.637916476114179E-17
R96 278 280 14.673457740328207
L92 280 281 2.0176004392951295E-10
C184 281 282 1.620341089988479E-15
C185 282 0 4.637916476114179E-17
R97 281 283 14.673457740328207
L93 283 284 2.0176004392951295E-10
C186 284 285 1.620341089988479E-15
C187 285 0 4.637916476114179E-17
R98 284 286 14.673457740328207
L94 286 287 2.0176004392951295E-10
C188 287 288 1.620341089988479E-15
C189 288 0 4.637916476114179E-17
R99 287 289 14.673457740328207
L95 289 290 2.0176004392951295E-10
C190 290 291 1.620341089988479E-15
C191 291 0 4.637916476114179E-17
R100 290 292 14.673457740328207
L96 292 293 2.0176004392951295E-10
C192 293 294 1.620341089988479E-15
C193 294 0 4.637916476114179E-17
R101 293 295 14.673457740328207
L97 295 296 2.0176004392951295E-10
C194 296 297 1.620341089988479E-15
C195 297 0 4.637916476114179E-17
R102 296 298 14.673457740328207
L98 298 299 2.0176004392951295E-10
C196 299 300 1.620341089988479E-15
C197 300 0 4.637916476114179E-17
R103 299 301 14.673457740328207
L99 301 302 2.0176004392951295E-10
C198 302 303 1.620341089988479E-15
C199 303 0 4.637916476114179E-17
R104 302 304 14.673457740328207
L100 304 305 2.0176004392951295E-10
C200 305 306 1.620341089988479E-15
C201 306 0 4.637916476114179E-17
R105 305 307 14.673457740328207
L101 307 308 2.0176004392951295E-10
C202 308 309 1.620341089988479E-15
C203 309 0 4.637916476114179E-17
R106 308 310 14.673457740328207
L102 310 311 2.0176004392951295E-10
C204 311 312 1.620341089988479E-15
C205 312 0 4.637916476114179E-17
R107 311 313 14.673457740328207
L103 313 314 2.0176004392951295E-10
C206 314 315 1.620341089988479E-15
C207 315 0 4.637916476114179E-17
R108 314 316 14.673457740328207
L104 316 317 2.0176004392951295E-10
C208 317 318 1.620341089988479E-15
C209 318 0 4.637916476114179E-17
R109 317 319 14.673457740328207
L105 319 320 2.0176004392951295E-10
C210 320 321 1.620341089988479E-15
C211 321 0 4.637916476114179E-17
R110 320 322 14.673457740328207
L106 322 323 2.0176004392951295E-10
C212 323 324 1.620341089988479E-15
C213 324 0 4.637916476114179E-17
R111 323 325 14.673457740328207
L107 325 326 2.0176004392951295E-10
C214 326 327 1.620341089988479E-15
C215 327 0 4.637916476114179E-17
R112 326 328 14.673457740328207
L108 328 329 2.0176004392951295E-10
C216 329 330 1.620341089988479E-15
C217 330 0 4.637916476114179E-17
R113 329 331 14.673457740328207
L109 331 332 2.0176004392951295E-10
C218 332 333 1.620341089988479E-15
C219 333 0 4.637916476114179E-17
R114 332 334 14.673457740328207
L110 334 335 2.0176004392951295E-10
C220 335 336 1.620341089988479E-15
C221 336 0 4.637916476114179E-17
R115 335 337 14.673457740328207
L111 337 338 2.0176004392951295E-10
C222 338 339 1.620341089988479E-15
C223 339 0 4.637916476114179E-17
R116 338 340 14.673457740328207
L112 340 341 2.0176004392951295E-10
C224 341 342 1.620341089988479E-15
C225 342 0 4.637916476114179E-17
R117 341 343 14.673457740328207
L113 343 344 2.0176004392951295E-10
C226 344 345 1.620341089988479E-15
C227 345 0 4.637916476114179E-17
R118 344 346 14.673457740328207
L114 346 347 2.0176004392951295E-10
C228 347 348 1.620341089988479E-15
C229 348 0 4.637916476114179E-17
R119 347 349 14.673457740328207
L115 349 350 2.0176004392951295E-10
C230 350 351 1.620341089988479E-15
C231 351 0 4.637916476114179E-17
R120 350 352 14.673457740328207
L116 352 353 2.0176004392951295E-10
C232 353 354 1.620341089988479E-15
C233 354 0 4.637916476114179E-17
R121 353 355 14.673457740328207
L117 355 356 2.0176004392951295E-10
C234 356 357 1.620341089988479E-15
C235 357 0 4.637916476114179E-17
R122 356 358 14.673457740328207
L118 358 359 2.0176004392951295E-10
C236 359 360 1.620341089988479E-15
C237 360 0 4.637916476114179E-17
R123 359 361 14.673457740328207
L119 361 362 2.0176004392951295E-10
C238 362 363 1.620341089988479E-15
C239 363 0 4.637916476114179E-17
R124 362 364 14.673457740328207
L120 364 365 2.0176004392951295E-10
C240 365 366 1.620341089988479E-15
C241 366 0 4.637916476114179E-17
R125 365 367 14.673457740328207
L121 367 368 2.0176004392951295E-10
C242 368 369 1.620341089988479E-15
C243 369 0 4.637916476114179E-17
R126 368 370 14.673457740328207
L122 370 371 2.0176004392951295E-10
C244 371 372 1.620341089988479E-15
C245 372 0 4.637916476114179E-17
R127 371 373 14.673457740328207
L123 373 374 2.0176004392951295E-10
C246 374 375 1.620341089988479E-15
C247 375 0 4.637916476114179E-17
R128 374 376 14.673457740328207
L124 376 377 2.0176004392951295E-10
C248 377 378 1.620341089988479E-15
C249 378 0 4.637916476114179E-17
R129 377 379 14.673457740328207
L125 379 380 2.0176004392951295E-10
C250 380 381 1.620341089988479E-15
C251 381 0 4.637916476114179E-17
R130 380 382 14.673457740328207
L126 382 383 2.0176004392951295E-10
C252 383 384 1.620341089988479E-15
C253 384 0 4.637916476114179E-17
R131 383 385 14.673457740328207
L127 385 386 2.0176004392951295E-10
C254 386 387 1.620341089988479E-15
C255 387 0 4.637916476114179E-17
R132 386 388 14.673457740328207
L128 388 389 2.0176004392951295E-10
C256 389 390 1.620341089988479E-15
C257 390 0 4.637916476114179E-17
R133 389 391 14.673457740328207
L129 391 392 2.0176004392951295E-10
C258 392 393 1.620341089988479E-15
C259 393 0 4.637916476114179E-17
R134 392 394 14.673457740328207
L130 394 395 2.0176004392951295E-10
C260 395 396 1.620341089988479E-15
C261 396 0 4.637916476114179E-17
R135 395 397 14.673457740328207
L131 397 398 2.0176004392951295E-10
C262 398 399 1.620341089988479E-15
C263 399 0 4.637916476114179E-17
R136 398 400 14.673457740328207
L132 400 401 2.0176004392951295E-10
C264 401 402 1.620341089988479E-15
C265 402 0 4.637916476114179E-17
R137 401 403 14.673457740328207
L133 403 404 2.0176004392951295E-10
C266 404 405 1.620341089988479E-15
C267 405 0 4.637916476114179E-17
R138 404 406 14.673457740328207
L134 406 407 2.0176004392951295E-10
C268 407 408 1.620341089988479E-15
C269 408 0 4.637916476114179E-17
R139 407 409 14.673457740328207
L135 409 410 2.0176004392951295E-10
C270 410 411 1.620341089988479E-15
C271 411 0 4.637916476114179E-17
R140 410 412 14.673457740328207
L136 412 413 2.0176004392951295E-10
C272 413 414 1.620341089988479E-15
C273 414 0 4.637916476114179E-17
R141 413 415 14.673457740328207
L137 415 416 2.0176004392951295E-10
C274 416 417 1.620341089988479E-15
C275 417 0 4.637916476114179E-17
R142 416 418 14.673457740328207
L138 418 419 2.0176004392951295E-10
C276 419 420 1.620341089988479E-15
C277 420 0 4.637916476114179E-17
R143 419 421 14.673457740328207
L139 421 422 2.0176004392951295E-10
C278 422 423 1.620341089988479E-15
C279 423 0 4.637916476114179E-17
R144 422 424 14.673457740328207
L140 424 425 2.0176004392951295E-10
C280 425 426 1.620341089988479E-15
C281 426 0 4.637916476114179E-17
R145 425 427 14.673457740328207
L141 427 428 2.0176004392951295E-10
C282 428 429 1.620341089988479E-15
C283 429 0 4.637916476114179E-17
R146 428 430 14.673457740328207
L142 430 431 2.0176004392951295E-10
C284 431 432 1.620341089988479E-15
C285 432 0 4.637916476114179E-17
R147 431 433 14.673457740328207
L143 433 434 2.0176004392951295E-10
C286 434 435 1.620341089988479E-15
C287 435 0 4.637916476114179E-17
R148 434 436 14.673457740328207
L144 436 437 2.0176004392951295E-10
C288 437 438 1.620341089988479E-15
C289 438 0 4.637916476114179E-17
R149 437 439 14.673457740328207
L145 439 440 2.0176004392951295E-10
C290 440 441 1.620341089988479E-15
C291 441 0 4.637916476114179E-17
R150 440 442 14.673457740328207
L146 442 443 2.0176004392951295E-10
C292 443 444 1.620341089988479E-15
C293 444 0 4.637916476114179E-17
R151 443 445 14.673457740328207
L147 445 446 2.0176004392951295E-10
C294 446 447 1.620341089988479E-15
C295 447 0 4.637916476114179E-17
R152 446 448 14.673457740328207
L148 448 449 2.0176004392951295E-10
C296 449 450 1.620341089988479E-15
C297 450 0 4.637916476114179E-17
R153 449 451 14.673457740328207
L149 451 452 2.0176004392951295E-10
C298 452 453 1.620341089988479E-15
C299 453 0 4.637916476114179E-17
R154 452 454 14.673457740328207
L150 454 455 2.0176004392951295E-10
C300 455 456 1.620341089988479E-15
C301 456 0 4.637916476114179E-17
R155 455 457 14.673457740328207
L151 457 458 2.0176004392951295E-10
C302 458 459 1.620341089988479E-15
C303 459 0 4.637916476114179E-17
R156 458 460 14.673457740328207
L152 460 461 2.0176004392951295E-10
C304 461 462 1.620341089988479E-15
C305 462 0 4.637916476114179E-17
R157 461 463 14.673457740328207
L153 463 464 2.0176004392951295E-10
C306 464 465 1.620341089988479E-15
C307 465 0 4.637916476114179E-17
R158 464 466 14.673457740328207
L154 466 467 2.0176004392951295E-10
C308 467 468 1.620341089988479E-15
C309 468 0 4.637916476114179E-17
R159 467 469 14.673457740328207
L155 469 470 2.0176004392951295E-10
C310 470 471 1.620341089988479E-15
C311 471 0 4.637916476114179E-17
R160 470 472 14.673457740328207
L156 472 473 2.0176004392951295E-10
C312 473 474 1.620341089988479E-15
C313 474 0 4.637916476114179E-17
R161 473 475 14.673457740328207
L157 475 476 2.0176004392951295E-10
C314 476 477 1.620341089988479E-15
C315 477 0 4.637916476114179E-17
R162 476 478 14.673457740328207
L158 478 479 2.0176004392951295E-10
C316 479 480 1.620341089988479E-15
C317 480 0 4.637916476114179E-17
R163 479 481 14.673457740328207
L159 481 482 2.0176004392951295E-10
C318 482 483 1.620341089988479E-15
C319 483 0 4.637916476114179E-17
R164 482 484 14.673457740328207
L160 484 485 2.0176004392951295E-10
C320 485 486 1.620341089988479E-15
C321 486 0 4.637916476114179E-17
R165 485 487 14.673457740328207
L161 487 488 2.0176004392951295E-10
C322 488 489 1.620341089988479E-15
C323 489 0 4.637916476114179E-17
R166 488 490 14.673457740328207
L162 490 491 2.0176004392951295E-10
C324 491 492 1.620341089988479E-15
C325 492 0 4.637916476114179E-17
R167 491 493 14.673457740328207
L163 493 494 2.0176004392951295E-10
C326 494 495 1.620341089988479E-15
C327 495 0 4.637916476114179E-17
R168 494 496 14.673457740328207
L164 496 497 2.0176004392951295E-10
C328 497 498 1.620341089988479E-15
C329 498 0 4.637916476114179E-17
R169 497 499 14.673457740328207
L165 499 500 2.0176004392951295E-10
C330 500 501 1.620341089988479E-15
C331 501 0 4.637916476114179E-17
R170 500 502 14.673457740328207
L166 502 503 2.0176004392951295E-10
C332 503 504 1.620341089988479E-15
C333 504 0 4.637916476114179E-17
R171 503 505 14.673457740328207
L167 505 506 2.0176004392951295E-10
C334 506 507 1.620341089988479E-15
C335 507 0 4.637916476114179E-17
R172 506 508 14.673457740328207
L168 508 509 2.0176004392951295E-10
C336 509 510 1.620341089988479E-15
C337 510 0 4.637916476114179E-17
R173 509 511 14.673457740328207
L169 511 512 2.0176004392951295E-10
C338 512 513 1.620341089988479E-15
C339 513 0 4.637916476114179E-17
R174 512 514 14.673457740328207
L170 514 515 2.0176004392951295E-10
C340 515 516 1.620341089988479E-15
C341 516 0 4.637916476114179E-17
R175 515 517 14.673457740328207
L171 517 518 2.0176004392951295E-10
C342 518 519 1.620341089988479E-15
C343 519 0 4.637916476114179E-17
R176 518 520 14.673457740328207
L172 520 521 2.0176004392951295E-10
C344 521 522 1.620341089988479E-15
C345 522 0 4.637916476114179E-17
R177 521 523 14.673457740328207
L173 523 524 2.0176004392951295E-10
C346 524 525 1.620341089988479E-15
C347 525 0 4.637916476114179E-17
R178 524 526 14.673457740328207
L174 526 527 2.0176004392951295E-10
C348 527 528 1.620341089988479E-15
C349 528 0 4.637916476114179E-17
R179 527 529 14.673457740328207
L175 529 530 2.0176004392951295E-10
C350 530 531 1.620341089988479E-15
C351 531 0 4.637916476114179E-17
R180 530 532 14.673457740328207
L176 532 533 2.0176004392951295E-10
C352 533 534 1.620341089988479E-15
C353 534 0 4.637916476114179E-17
R181 533 535 14.673457740328207
L177 535 536 2.0176004392951295E-10
C354 536 537 1.620341089988479E-15
C355 537 0 4.637916476114179E-17
R182 536 538 14.673457740328207
L178 538 539 2.0176004392951295E-10
C356 539 540 1.620341089988479E-15
C357 540 0 4.637916476114179E-17
R183 539 541 14.673457740328207
L179 541 542 2.0176004392951295E-10
C358 542 543 1.620341089988479E-15
C359 543 0 4.637916476114179E-17
R184 542 544 14.673457740328207
L180 544 545 2.0176004392951295E-10
C360 545 546 1.620341089988479E-15
C361 546 0 4.637916476114179E-17
R185 545 547 14.673457740328207
L181 547 548 2.0176004392951295E-10
C362 548 549 1.620341089988479E-15
C363 549 0 4.637916476114179E-17
R186 548 550 14.673457740328207
L182 550 551 2.0176004392951295E-10
C364 551 552 1.620341089988479E-15
C365 552 0 4.637916476114179E-17
R187 551 553 14.673457740328207
L183 553 554 2.0176004392951295E-10
C366 554 555 1.620341089988479E-15
C367 555 0 4.637916476114179E-17
R188 554 556 14.673457740328207
L184 556 557 2.0176004392951295E-10
C368 557 558 1.620341089988479E-15
C369 558 0 4.637916476114179E-17
R189 557 559 14.673457740328207
L185 559 560 2.0176004392951295E-10
C370 560 561 1.620341089988479E-15
C371 561 0 4.637916476114179E-17
R190 560 562 14.673457740328207
L186 562 563 2.0176004392951295E-10
C372 563 564 1.620341089988479E-15
C373 564 0 4.637916476114179E-17
R191 563 565 14.673457740328207
L187 565 566 2.0176004392951295E-10
C374 566 567 1.620341089988479E-15
C375 567 0 4.637916476114179E-17
R192 566 568 14.673457740328207
L188 568 569 2.0176004392951295E-10
C376 569 570 1.620341089988479E-15
C377 570 0 4.637916476114179E-17
R193 569 571 14.673457740328207
L189 571 572 2.0176004392951295E-10
C378 572 573 1.620341089988479E-15
C379 573 0 4.637916476114179E-17
R194 572 574 14.673457740328207
L190 574 575 2.0176004392951295E-10
C380 575 576 1.620341089988479E-15
C381 576 0 4.637916476114179E-17
R195 575 577 14.673457740328207
L191 577 578 2.0176004392951295E-10
C382 578 579 1.620341089988479E-15
C383 579 0 4.637916476114179E-17
R196 578 580 14.673457740328207
L192 580 581 2.0176004392951295E-10
C384 581 582 1.620341089988479E-15
C385 582 0 4.637916476114179E-17
R197 581 583 14.673457740328207
L193 583 584 2.0176004392951295E-10
C386 584 585 1.620341089988479E-15
C387 585 0 4.637916476114179E-17
R198 584 586 14.673457740328207
L194 586 587 2.0176004392951295E-10
C388 587 588 1.620341089988479E-15
C389 588 0 4.637916476114179E-17
R199 587 589 14.673457740328207
L195 589 590 2.0176004392951295E-10
C390 590 591 1.620341089988479E-15
C391 591 0 4.637916476114179E-17
R200 590 592 14.673457740328207
L196 592 593 2.0176004392951295E-10
C392 593 594 1.620341089988479E-15
C393 594 0 4.637916476114179E-17
R201 593 595 14.673457740328207
L197 595 596 2.0176004392951295E-10
C394 596 597 1.620341089988479E-15
C395 597 0 4.637916476114179E-17
R202 596 598 14.673457740328207
L198 598 599 2.0176004392951295E-10
C396 599 600 1.620341089988479E-15
C397 600 0 4.637916476114179E-17
R203 599 601 14.673457740328207
L199 601 602 2.0176004392951295E-10
C398 602 603 1.620341089988479E-15
C399 603 0 4.637916476114179E-17
R2 602 604 161.40803514361036
R3 604 605 2500.0
.end
